C:\Users\emerrf\Anaconda3\envs\iml\python.exe C:/Users/emerrf/Documents/GitHub/MAI-machine-learning/ex4-SVM/main.py
kernel,linear,linear,linear,linear,poly,poly,poly,poly,rbf,rbf,rbf,rbf,sigmoid,sigmoid,sigmoid,sigmoid
C,1,10,100,1000,1,10,100,1000,1,10,100,1000,1,10,100,1000
mean,0.821663165266,0.818834033613,0.755868347339,0.743368347339,0.793049719888,0.832107843137,0.807009803922,0.799082633053,0.793049719888,0.821663165266,0.785490196078,0.655521708683,0.793049719888,0.821663165266,0.81300070028,0.717535014006
std,0.0975794458654,0.0954546447412,0.100052314164,0.099999320532,0.0271571593423,0.0869055001771,0.0953297194902,0.0986367039164,0.0271571593423,0.0975794458654,0.124747515793,0.122224870367,0.0271571593423,0.102515377268,0.10592978677,0.120746868568

Saving figure: hepa_res_part1.png
('ACCEPT:', False, 'P_VALUES', 0.0083694043237533232)
Full Nemenyi p-values Matrix
              linear-1  linear-10  linear-100  linear-1000  poly-1  poly-10  poly-100  poly-1000  rbf-1  rbf-10  rbf-100  rbf-1000  sigmoid-1  sigmoid-10  sigmoid-100
linear-1         1.000      1.000       1.000        1.000   1.000    1.000     1.000      1.000  1.000   1.000    1.000     1.000      1.000       1.000        1.000
linear-10        1.000      1.000       1.000        1.000   1.000    1.000     1.000      1.000  1.000   1.000    1.000     1.000      1.000       1.000        1.000
linear-100       0.985      0.985       1.000        1.000   1.000    1.000     1.000      1.000  1.000   1.000    1.000     1.000      1.000       1.000        1.000
linear-1000      0.964      0.964       1.000        1.000   1.000    1.000     1.000      1.000  1.000   1.000    1.000     1.000      1.000       1.000        1.000
poly-1           1.000      1.000       1.000        1.000   1.000    1.000     1.000      1.000  1.000   1.000    1.000     1.000      1.000       1.000        1.000
poly-10          1.000      1.000       0.925        0.865   0.997    1.000     1.000      1.000  1.000   1.000    1.000     1.000      1.000       1.000        1.000
poly-100         1.000      1.000       1.000        1.000   1.000    0.999     1.000      1.000  1.000   1.000    1.000     1.000      1.000       1.000        1.000
poly-1000        0.996      0.996       1.000        1.000   1.000    0.969     1.000      1.000  1.000   1.000    1.000     1.000      1.000       1.000        1.000
rbf-1            1.000      1.000       1.000        1.000   1.000    0.997     1.000      1.000  1.000   1.000    1.000     1.000      1.000       1.000        1.000
rbf-10           1.000      1.000       0.985        0.964   1.000    1.000     1.000      0.996  1.000   1.000    1.000     1.000      1.000       1.000        1.000
rbf-100          0.999      0.999       1.000        1.000   1.000    0.991     1.000      1.000  1.000   0.999    1.000     1.000      1.000       1.000        1.000
rbf-1000         0.043      0.043       0.826        0.898   0.453    0.015     0.347      0.715  0.453   0.043    0.567     1.000      1.000       1.000        1.000
sigmoid-1        1.000      1.000       1.000        1.000   1.000    0.997     1.000      1.000  1.000   1.000    1.000     0.453      1.000       1.000        1.000
sigmoid-10       1.000      1.000       0.991        0.977   1.000    1.000     1.000      0.998  1.000   1.000    1.000     0.054      1.000       1.000        1.000
sigmoid-100      1.000      1.000       1.000        1.000   1.000    1.000     1.000      1.000  1.000   1.000    1.000     0.241      1.000       1.000        1.000
sigmoid-1000     0.416      0.416       0.999        1.000   0.964    0.228     0.925      0.997  0.964   0.416    0.985     1.000      0.964       0.471        0.852
Statistically relevant Nemenyi p-values
rbf-1000  linear-1     0.043
          linear-10    0.043
          poly-10      0.015
          rbf-10       0.043
dtype: float64
gamma,0.01,0.01,0.01,0.01,0.01,0.01,0.01,0.050000000000000003,0.050000000000000003,0.050000000000000003,0.050000000000000003,0.050000000000000003,0.050000000000000003,0.050000000000000003,0.10000000000000001,0.10000000000000001,0.10000000000000001,0.10000000000000001,0.10000000000000001,0.10000000000000001,0.10000000000000001,0.14999999999999999,0.14999999999999999,0.14999999999999999,0.14999999999999999,0.14999999999999999,0.14999999999999999,0.14999999999999999,0.20000000000000001,0.20000000000000001,0.20000000000000001,0.20000000000000001,0.20000000000000001,0.20000000000000001,0.20000000000000001
C,1,5,15,30,60,75,90,1,5,15,30,60,75,90,1,5,15,30,60,75,90,1,5,15,30,60,75,90,1,5,15,30,60,75,90
mean,0.793049719888,0.793049719888,0.821663165266,0.821663165266,0.820402661064,0.820402661064,0.813735994398,0.793049719888,0.828329831933,0.820402661064,0.837633053221,0.817682072829,0.817682072829,0.79762254902,0.793417366947,0.821663165266,0.843515406162,0.79925070028,0.779716386555,0.779716386555,0.772573529412,0.838834033613,0.833795518207,0.812167366947,0.785966386555,0.759548319328,0.741165966387,0.712762605042,0.851334033613,0.84556022409,0.792584033613,0.767058823529,0.721165966387,0.709401260504,0.716960784314
std,0.0271571593423,0.0271571593423,0.102515377268,0.102515377268,0.0935924741618,0.0935924741618,0.097500037485,0.0271571593423,0.103116008646,0.0935924741618,0.083554652269,0.107865532778,0.107865532778,0.123907864219,0.037783221749,0.0975794458654,0.0798379879871,0.125265486902,0.130044245937,0.109422275138,0.116284222823,0.06683076745,0.088130691533,0.108675503262,0.126575462688,0.114216239725,0.0824409420264,0.108789137412,0.083865735884,0.070979093897,0.14168769601,0.103338263925,0.0787804185178,0.0729270325882,0.080611503747

Saving figure: hepa_res_part2.png
('ACCEPT:', False, 'P_VALUES', 1.4790081247834362e-07)
Full Nemenyi p-values Matrix
         0.01-1  0.01-5  0.01-15  0.01-30  0.01-60  0.01-75  0.01-90  0.05-1  0.05-5  0.05-15   ...    0.15-30  0.15-60  0.15-75  0.15-90  0.2-1  0.2-5  0.2-15  0.2-30  0.2-60  0.2-75
0.01-1    1.000   1.000    1.000    1.000    1.000    1.000    1.000   1.000   1.000    1.000   ...      1.000    1.000    1.000    1.000  1.000  1.000   1.000     1.0     1.0     1.0
0.01-5    1.000   1.000    1.000    1.000    1.000    1.000    1.000   1.000   1.000    1.000   ...      1.000    1.000    1.000    1.000  1.000  1.000   1.000     1.0     1.0     1.0
0.01-15   1.000   1.000    1.000    1.000    1.000    1.000    1.000   1.000   1.000    1.000   ...      1.000    1.000    1.000    1.000  1.000  1.000   1.000     1.0     1.0     1.0
0.01-30   1.000   1.000    1.000    1.000    1.000    1.000    1.000   1.000   1.000    1.000   ...      1.000    1.000    1.000    1.000  1.000  1.000   1.000     1.0     1.0     1.0
0.01-60   1.000   1.000    1.000    1.000    1.000    1.000    1.000   1.000   1.000    1.000   ...      1.000    1.000    1.000    1.000  1.000  1.000   1.000     1.0     1.0     1.0
0.01-75   1.000   1.000    1.000    1.000    1.000    1.000    1.000   1.000   1.000    1.000   ...      1.000    1.000    1.000    1.000  1.000  1.000   1.000     1.0     1.0     1.0
0.01-90   1.000   1.000    1.000    1.000    1.000    1.000    1.000   1.000   1.000    1.000   ...      1.000    1.000    1.000    1.000  1.000  1.000   1.000     1.0     1.0     1.0
0.05-1    1.000   1.000    1.000    1.000    1.000    1.000    1.000   1.000   1.000    1.000   ...      1.000    1.000    1.000    1.000  1.000  1.000   1.000     1.0     1.0     1.0
0.05-5    1.000   1.000    1.000    1.000    1.000    1.000    1.000   1.000   1.000    1.000   ...      1.000    1.000    1.000    1.000  1.000  1.000   1.000     1.0     1.0     1.0
0.05-15   1.000   1.000    1.000    1.000    1.000    1.000    1.000   1.000   1.000    1.000   ...      1.000    1.000    1.000    1.000  1.000  1.000   1.000     1.0     1.0     1.0
0.05-30   0.999   0.999    1.000    1.000    1.000    1.000    1.000   0.999   1.000    1.000   ...      1.000    1.000    1.000    1.000  1.000  1.000   1.000     1.0     1.0     1.0
0.05-60   1.000   1.000    1.000    1.000    1.000    1.000    1.000   1.000   1.000    1.000   ...      1.000    1.000    1.000    1.000  1.000  1.000   1.000     1.0     1.0     1.0
0.05-75   1.000   1.000    1.000    1.000    1.000    1.000    1.000   1.000   1.000    1.000   ...      1.000    1.000    1.000    1.000  1.000  1.000   1.000     1.0     1.0     1.0
0.05-90   1.000   1.000    1.000    1.000    1.000    1.000    1.000   1.000   1.000    1.000   ...      1.000    1.000    1.000    1.000  1.000  1.000   1.000     1.0     1.0     1.0
0.1-1     1.000   1.000    1.000    1.000    1.000    1.000    1.000   1.000   1.000    1.000   ...      1.000    1.000    1.000    1.000  1.000  1.000   1.000     1.0     1.0     1.0
0.1-5     1.000   1.000    1.000    1.000    1.000    1.000    1.000   1.000   1.000    1.000   ...      1.000    1.000    1.000    1.000  1.000  1.000   1.000     1.0     1.0     1.0
0.1-15    0.995   0.995    1.000    1.000    1.000    1.000    1.000   0.995   1.000    1.000   ...      1.000    1.000    1.000    1.000  1.000  1.000   1.000     1.0     1.0     1.0
0.1-30    1.000   1.000    1.000    1.000    1.000    1.000    1.000   1.000   1.000    1.000   ...      1.000    1.000    1.000    1.000  1.000  1.000   1.000     1.0     1.0     1.0
0.1-60    1.000   1.000    1.000    1.000    1.000    1.000    1.000   1.000   1.000    1.000   ...      1.000    1.000    1.000    1.000  1.000  1.000   1.000     1.0     1.0     1.0
0.1-75    1.000   1.000    1.000    1.000    1.000    1.000    1.000   1.000   1.000    1.000   ...      1.000    1.000    1.000    1.000  1.000  1.000   1.000     1.0     1.0     1.0
0.1-90    1.000   1.000    1.000    1.000    1.000    1.000    1.000   1.000   1.000    1.000   ...      1.000    1.000    1.000    1.000  1.000  1.000   1.000     1.0     1.0     1.0
0.15-1    1.000   1.000    1.000    1.000    1.000    1.000    1.000   1.000   1.000    1.000   ...      1.000    1.000    1.000    1.000  1.000  1.000   1.000     1.0     1.0     1.0
0.15-5    1.000   1.000    1.000    1.000    1.000    1.000    1.000   1.000   1.000    1.000   ...      1.000    1.000    1.000    1.000  1.000  1.000   1.000     1.0     1.0     1.0
0.15-15   1.000   1.000    1.000    1.000    1.000    1.000    1.000   1.000   1.000    1.000   ...      1.000    1.000    1.000    1.000  1.000  1.000   1.000     1.0     1.0     1.0
0.15-30   1.000   1.000    1.000    1.000    1.000    1.000    1.000   1.000   1.000    1.000   ...      1.000    1.000    1.000    1.000  1.000  1.000   1.000     1.0     1.0     1.0
0.15-60   1.000   1.000    1.000    1.000    1.000    1.000    1.000   1.000   0.996    1.000   ...      1.000    1.000    1.000    1.000  1.000  1.000   1.000     1.0     1.0     1.0
0.15-75   1.000   1.000    0.959    0.959    0.971    0.971    0.993   1.000   0.811    0.971   ...      0.998    1.000    1.000    1.000  1.000  1.000   1.000     1.0     1.0     1.0
0.15-90   1.000   1.000    0.941    0.941    0.956    0.956    0.988   1.000   0.766    0.956   ...      0.996    1.000    1.000    1.000  1.000  1.000   1.000     1.0     1.0     1.0
0.2-1     0.993   0.993    1.000    1.000    1.000    1.000    1.000   0.993   1.000    1.000   ...      1.000    0.832    0.320    0.275  1.000  1.000   1.000     1.0     1.0     1.0
0.2-5     0.989   0.989    1.000    1.000    1.000    1.000    1.000   0.989   1.000    1.000   ...      1.000    0.789    0.275    0.235  1.000  1.000   1.000     1.0     1.0     1.0
0.2-15    1.000   1.000    1.000    1.000    1.000    1.000    1.000   1.000   1.000    1.000   ...      1.000    1.000    0.997    0.995  1.000  1.000   1.000     1.0     1.0     1.0
0.2-30    1.000   1.000    1.000    1.000    1.000    1.000    1.000   1.000   0.999    1.000   ...      1.000    1.000    1.000    1.000  0.896  0.863   1.000     1.0     1.0     1.0
0.2-60    1.000   1.000    0.851    0.851    0.880    0.880    0.954   1.000   0.601    0.880   ...      0.979    1.000    1.000    1.000  0.162  0.134   0.974     1.0     1.0     1.0
0.2-75    0.997   0.997    0.564    0.564    0.611    0.611    0.766   0.997   0.297    0.611   ...      0.851    1.000    1.000    1.000  0.049  0.039   0.832     1.0     1.0     1.0
0.2-90    0.999   0.999    0.647    0.647    0.691    0.691    0.832   0.999   0.367    0.691   ...      0.901    1.000    1.000    1.000  0.068  0.055   0.885     1.0     1.0     1.0

[35 rows x 34 columns]
Statistically relevant Nemenyi p-values
0.2-75  0.2-1    0.049
        0.2-5    0.039
dtype: float64
kernel,linear,linear,linear,linear,poly,poly,poly,poly,rbf,rbf,rbf,rbf,sigmoid,sigmoid,sigmoid,sigmoid
C,1,10,100,1000,1,10,100,1000,1,10,100,1000,1,10,100,1000
mean,0.979437713753,0.981805822264,0.98135127275,0.978894738705,0.937770241404,0.986807980044,0.99417742139,0.995906106374,0.977529111343,0.992449648588,0.994360069332,0.994632466025,0.930405760707,0.945691501941,0.927499719025,0.916401340479
std,0.00360418094583,0.00492570526655,0.00418178981327,0.00392019754104,0.00763712138446,0.00162340254174,0.00188112110357,0.00197586168272,0.00381366882698,0.00171601266153,0.00293471824307,0.00151222852712,0.0105344295509,0.00762381348788,0.00740220465377,0.00718232993145

Saving figure: penb_res_part1.png
('ACCEPT:', False, 'P_VALUES', 4.8050714337054889e-23)
Full Nemenyi p-values Matrix
              linear-1  linear-10  linear-100  linear-1000  poly-1  poly-10  poly-100  poly-1000  rbf-1  rbf-10  rbf-100  rbf-1000  sigmoid-1  sigmoid-10  sigmoid-100
linear-1         1.000      1.000       1.000        1.000   1.000    1.000     1.000      1.000  1.000   1.000      1.0       1.0        1.0       1.000          1.0
linear-10        1.000      1.000       1.000        1.000   1.000    1.000     1.000      1.000  1.000   1.000      1.0       1.0        1.0       1.000          1.0
linear-100       1.000      1.000       1.000        1.000   1.000    1.000     1.000      1.000  1.000   1.000      1.0       1.0        1.0       1.000          1.0
linear-1000      1.000      1.000       1.000        1.000   1.000    1.000     1.000      1.000  1.000   1.000      1.0       1.0        1.0       1.000          1.0
poly-1           0.917      0.330       0.548        0.888   1.000    1.000     1.000      1.000  1.000   1.000      1.0       1.0        1.0       1.000          1.0
poly-10          0.953      1.000       1.000        0.969   0.043    1.000     1.000      1.000  1.000   1.000      1.0       1.0        1.0       1.000          1.0
poly-100         0.063      0.509       0.299        0.080   0.000    0.953     1.000      1.000  1.000   1.000      1.0       1.0        1.0       1.000          1.0
poly-1000        0.015      0.228       0.106        0.020   0.000    0.766     1.000      1.000  1.000   1.000      1.0       1.0        1.0       1.000          1.0
rbf-1            1.000      0.999       1.000        1.000   0.977    0.865     0.028      0.006  1.000   1.000      1.0       1.0        1.0       1.000          1.0
rbf-10           0.416      0.953       0.839        0.471   0.001    1.000     1.000      0.998  0.254   1.000      1.0       1.0        1.0       1.000          1.0
rbf-100          0.086      0.586       0.364        0.106   0.000    0.973     1.000      1.000  0.039   1.000      1.0       1.0        1.0       1.000          1.0
rbf-1000         0.074      0.548       0.330        0.092   0.000    0.964     1.000      1.000  0.033   1.000      1.0       1.0        1.0       1.000          1.0
sigmoid-1        0.528      0.068       0.158        0.471   1.000    0.004     0.000      0.000  0.715   0.000      0.0       0.0        1.0       1.000          1.0
sigmoid-10       0.994      0.661       0.852        0.990   1.000    0.158     0.000      0.000  0.999   0.009      0.0       0.0        1.0       1.000          1.0
sigmoid-100      0.528      0.068       0.158        0.471   1.000    0.004     0.000      0.000  0.715   0.000      0.0       0.0        1.0       1.000          1.0
sigmoid-1000     0.086      0.003       0.011        0.068   0.988    0.000     0.000      0.000  0.169   0.000      0.0       0.0        1.0       0.876          1.0
Statistically relevant Nemenyi p-values
poly-10       poly-1         0.043
poly-100      poly-1         0.000
poly-1000     linear-1       0.015
              linear-1000    0.020
              poly-1         0.000
rbf-1         poly-100       0.028
              poly-1000      0.006
rbf-10        poly-1         0.001
rbf-100       poly-1         0.000
              rbf-1          0.039
rbf-1000      poly-1         0.000
              rbf-1          0.033
sigmoid-1     poly-10        0.004
              poly-100       0.000
              poly-1000      0.000
              rbf-10         0.000
              rbf-100        0.000
              rbf-1000       0.000
sigmoid-10    poly-100       0.000
              poly-1000      0.000
              rbf-10         0.009
              rbf-100        0.000
              rbf-1000       0.000
sigmoid-100   poly-10        0.004
              poly-100       0.000
              poly-1000      0.000
              rbf-10         0.000
              rbf-100        0.000
              rbf-1000       0.000
sigmoid-1000  linear-10      0.003
              linear-100     0.011
              poly-10        0.000
              poly-100       0.000
              poly-1000      0.000
              rbf-10         0.000
              rbf-100        0.000
              rbf-1000       0.000
dtype: float64
gamma,0.01,0.01,0.01,0.01,0.01,0.01,0.050000000000000003,0.050000000000000003,0.050000000000000003,0.050000000000000003,0.050000000000000003,0.050000000000000003,0.10000000000000001,0.10000000000000001,0.10000000000000001,0.10000000000000001,0.10000000000000001,0.10000000000000001,0.20000000000000001,0.20000000000000001,0.20000000000000001,0.20000000000000001,0.20000000000000001,0.20000000000000001,0.5,0.5,0.5,0.5,0.5,0.5,1.0,1.0,1.0,1.0,1.0,1.0
C,10,100,500,1000,5000,10000,10,100,500,1000,5000,10000,10,100,500,1000,5000,10000,10,100,500,1000,5000,10000,10,100,500,1000,5000,10000,10,100,500,1000,5000,10000
mean,0.974799434626,0.989537078627,0.992723286534,0.992632046864,0.992904445812,0.99281353597,0.990992453685,0.994542135072,0.994724119898,0.994451226434,0.993723124852,0.993177337773,0.993994693588,0.99554230397,0.994814367528,0.994633209904,0.993814612833,0.993814530113,0.995633791198,0.995905941536,0.994905855509,0.994814946418,0.994541722374,0.994541722374,0.996452222378,0.995906105471,0.995087011928,0.995177921019,0.995177921019,0.995177921019,0.996360651977,0.996178337024,0.996178337024,0.996178337024,0.996178337024,0.996178337024
std,0.00393710921596,0.0023635021504,0.00260577301878,0.00207331224786,0.00252886294586,0.00178963378919,0.00194448831022,0.00281210662999,0.00221854579773,0.00168320592463,0.00179100322942,0.00137090498467,0.00206919079796,0.00216241182904,0.00160572643304,0.00131524760467,0.00180607054526,0.00153046048928,0.00213558689371,0.00202225391373,0.00155629140265,0.00171643369055,0.00142117644816,0.00142117644816,0.00157268214058,0.00161888447134,0.00149839157805,0.00129129866031,0.00129129866031,0.00129129866031,0.00196523043975,0.00153484851152,0.00153484851152,0.00153484851152,0.00153484851152,0.00153484851152

Saving figure: penb_res_part2.png
('ACCEPT:', False, 'P_VALUES', 4.6570468862631424e-26)
Full Nemenyi p-values Matrix
            0.01-10  0.01-100  0.01-500  0.01-1000  0.01-5000  0.01-10000  0.05-10  0.05-100  0.05-500  0.05-1000    ...     0.5-100  0.5-500  0.5-1000  0.5-5000  0.5-10000  1.0-10  1.0-100  1.0-500  1.0-1000  1.0-5000
0.01-10       1.000     1.000     1.000      1.000      1.000       1.000    1.000     1.000     1.000      1.000    ...         1.0    1.000     1.000     1.000      1.000     1.0      1.0      1.0       1.0       1.0
0.01-100      1.000     1.000     1.000      1.000      1.000       1.000    1.000     1.000     1.000      1.000    ...         1.0    1.000     1.000     1.000      1.000     1.0      1.0      1.0       1.0       1.0
0.01-500      0.963     0.999     1.000      1.000      1.000       1.000    1.000     1.000     1.000      1.000    ...         1.0    1.000     1.000     1.000      1.000     1.0      1.0      1.0       1.0       1.0
0.01-1000     1.000     1.000     1.000      1.000      1.000       1.000    1.000     1.000     1.000      1.000    ...         1.0    1.000     1.000     1.000      1.000     1.0      1.0      1.0       1.0       1.0
0.01-5000     0.994     1.000     1.000      1.000      1.000       1.000    1.000     1.000     1.000      1.000    ...         1.0    1.000     1.000     1.000      1.000     1.0      1.0      1.0       1.0       1.0
0.01-10000    1.000     1.000     1.000      1.000      1.000       1.000    1.000     1.000     1.000      1.000    ...         1.0    1.000     1.000     1.000      1.000     1.0      1.0      1.0       1.0       1.0
0.05-10       1.000     1.000     1.000      1.000      1.000       1.000    1.000     1.000     1.000      1.000    ...         1.0    1.000     1.000     1.000      1.000     1.0      1.0      1.0       1.0       1.0
0.05-100      0.085     0.285     1.000      0.988      0.999       0.978    0.402     1.000     1.000      1.000    ...         1.0    1.000     1.000     1.000      1.000     1.0      1.0      1.0       1.0       1.0
0.05-500      0.007     0.038     0.978      0.704      0.909       0.634    0.067     1.000     1.000      1.000    ...         1.0    1.000     1.000     1.000      1.000     1.0      1.0      1.0       1.0       1.0
0.05-1000     0.037     0.152     1.000      0.944      0.994       0.914    0.232     1.000     1.000      1.000    ...         1.0    1.000     1.000     1.000      1.000     1.0      1.0      1.0       1.0       1.0
0.05-5000     0.589     0.895     1.000      1.000      1.000       1.000    0.953     1.000     1.000      1.000    ...         1.0    1.000     1.000     1.000      1.000     1.0      1.0      1.0       1.0       1.0
0.05-10000    0.994     1.000     1.000      1.000      1.000       1.000    1.000     1.000     0.914      0.995    ...         1.0    1.000     1.000     1.000      1.000     1.0      1.0      1.0       1.0       1.0
0.1-10        0.329     0.687     1.000      1.000      1.000       1.000    0.805     1.000     1.000      1.000    ...         1.0    1.000     1.000     1.000      1.000     1.0      1.0      1.0       1.0       1.0
0.1-100       0.000     0.003     0.643      0.203      0.428       0.161    0.005     1.000     1.000      1.000    ...         1.0    1.000     1.000     1.000      1.000     1.0      1.0      1.0       1.0       1.0
0.1-500       0.036     0.147     0.999      0.940      0.994       0.909    0.226     1.000     1.000      1.000    ...         1.0    1.000     1.000     1.000      1.000     1.0      1.0      1.0       1.0       1.0
0.1-1000      0.069     0.245     1.000      0.981      0.999       0.967    0.353     1.000     1.000      1.000    ...         1.0    1.000     1.000     1.000      1.000     1.0      1.0      1.0       1.0       1.0
0.1-5000      0.687     0.940     1.000      1.000      1.000       1.000    0.977     1.000     1.000      1.000    ...         1.0    1.000     1.000     1.000      1.000     1.0      1.0      1.0       1.0       1.0
0.1-10000     0.798     0.975     1.000      1.000      1.000       1.000    0.992     1.000     0.999      1.000    ...         1.0    1.000     1.000     1.000      1.000     1.0      1.0      1.0       1.0       1.0
0.2-10        0.001     0.006     0.798      0.329      0.598       0.271    0.012     1.000     1.000      1.000    ...         1.0    1.000     1.000     1.000      1.000     1.0      1.0      1.0       1.0       1.0
0.2-100       0.000     0.000     0.329      0.064      0.176       0.048    0.001     0.999     1.000      1.000    ...         1.0    1.000     1.000     1.000      1.000     1.0      1.0      1.0       1.0       1.0
0.2-500       0.019     0.088     0.997      0.869      0.977       0.819    0.143     1.000     1.000      1.000    ...         1.0    1.000     1.000     1.000      1.000     1.0      1.0      1.0       1.0       1.0
0.2-1000      0.060     0.220     1.000      0.975      0.998       0.958    0.322     1.000     1.000      1.000    ...         1.0    1.000     1.000     1.000      1.000     1.0      1.0      1.0       1.0       1.0
0.2-5000      0.208     0.526     1.000      0.999      1.000       0.998    0.661     1.000     1.000      1.000    ...         1.0    1.000     1.000     1.000      1.000     1.0      1.0      1.0       1.0       1.0
0.2-10000     0.208     0.526     1.000      0.999      1.000       0.998    0.661     1.000     1.000      1.000    ...         1.0    1.000     1.000     1.000      1.000     1.0      1.0      1.0       1.0       1.0
0.5-10        0.000     0.000     0.023      0.002      0.008       0.001    0.000     0.798     0.996      0.926    ...         1.0    1.000     1.000     1.000      1.000     1.0      1.0      1.0       1.0       1.0
0.5-100       0.000     0.000     0.307      0.058      0.161       0.043    0.001     0.999     1.000      1.000    ...         1.0    1.000     1.000     1.000      1.000     1.0      1.0      1.0       1.0       1.0
0.5-500       0.032     0.134     0.999      0.930      0.992       0.895    0.208     1.000     1.000      1.000    ...         1.0    1.000     1.000     1.000      1.000     1.0      1.0      1.0       1.0       1.0
0.5-1000      0.017     0.082     0.996      0.857      0.973       0.805    0.134     1.000     1.000      1.000    ...         1.0    1.000     1.000     1.000      1.000     1.0      1.0      1.0       1.0       1.0
0.5-5000      0.017     0.082     0.996      0.857      0.973       0.805    0.134     1.000     1.000      1.000    ...         1.0    1.000     1.000     1.000      1.000     1.0      1.0      1.0       1.0       1.0
0.5-10000     0.017     0.082     0.996      0.857      0.973       0.805    0.134     1.000     1.000      1.000    ...         1.0    1.000     1.000     1.000      1.000     1.0      1.0      1.0       1.0       1.0
1.0-10        0.000     0.000     0.088      0.010      0.037       0.007    0.000     0.965     1.000      0.994    ...         1.0    0.996     0.999     0.999      0.999     1.0      1.0      1.0       1.0       1.0
1.0-100       0.000     0.000     0.101      0.012      0.043       0.009    0.000     0.973     1.000      0.996    ...         1.0    0.997     0.999     0.999      0.999     1.0      1.0      1.0       1.0       1.0
1.0-500       0.000     0.000     0.101      0.012      0.043       0.009    0.000     0.973     1.000      0.996    ...         1.0    0.997     0.999     0.999      0.999     1.0      1.0      1.0       1.0       1.0
1.0-1000      0.000     0.000     0.101      0.012      0.043       0.009    0.000     0.973     1.000      0.996    ...         1.0    0.997     0.999     0.999      0.999     1.0      1.0      1.0       1.0       1.0
1.0-5000      0.000     0.000     0.101      0.012      0.043       0.009    0.000     0.973     1.000      0.996    ...         1.0    0.997     0.999     0.999      0.999     1.0      1.0      1.0       1.0       1.0
1.0-10000     0.000     0.000     0.101      0.012      0.043       0.009    0.000     0.973     1.000      0.996    ...         1.0    0.997     0.999     0.999      0.999     1.0      1.0      1.0       1.0       1.0

[36 rows x 35 columns]
Statistically relevant Nemenyi p-values
0.05-500   0.01-10       0.007
           0.01-100      0.038
0.05-1000  0.01-10       0.037
0.1-100    0.01-10       0.000
           0.01-100      0.003
           0.05-10       0.005
0.1-500    0.01-10       0.036
0.2-10     0.01-10       0.001
           0.01-100      0.006
           0.05-10       0.012
0.2-100    0.01-10       0.000
           0.01-100      0.000
           0.01-10000    0.048
           0.05-10       0.001
0.2-500    0.01-10       0.019
0.5-10     0.01-10       0.000
           0.01-100      0.000
           0.01-500      0.023
           0.01-1000     0.002
           0.01-5000     0.008
           0.01-10000    0.001
           0.05-10       0.000
           0.05-10000    0.009
0.5-100    0.01-10       0.000
           0.01-100      0.000
           0.01-10000    0.043
           0.05-10       0.001
0.5-500    0.01-10       0.032
0.5-1000   0.01-10       0.017
0.5-5000   0.01-10       0.017
                         ...
1.0-100    0.05-10       0.000
           0.05-10000    0.045
1.0-500    0.01-10       0.000
           0.01-100      0.000
           0.01-1000     0.012
           0.01-5000     0.043
           0.01-10000    0.009
           0.05-10       0.000
           0.05-10000    0.045
1.0-1000   0.01-10       0.000
           0.01-100      0.000
           0.01-1000     0.012
           0.01-5000     0.043
           0.01-10000    0.009
           0.05-10       0.000
           0.05-10000    0.045
1.0-5000   0.01-10       0.000
           0.01-100      0.000
           0.01-1000     0.012
           0.01-5000     0.043
           0.01-10000    0.009
           0.05-10       0.000
           0.05-10000    0.045
1.0-10000  0.01-10       0.000
           0.01-100      0.000
           0.01-1000     0.012
           0.01-5000     0.043
           0.01-10000    0.009
           0.05-10       0.000
           0.05-10000    0.045
Length: 73, dtype: float64

Process finished with exit code 0
